(id, name, attack, defense, hp)

(1, 'Bulbasaur', 49, 49, 45),
(2, 'Ivysaur', 62, 63, 60),
(3, 'Venusaur', 100, 123, 80),
(4, 'Charmander', 52, 43, 39),
(5, 'Charmeleon', 64, 58, 58),
(6, 'Charizard', 104, 78, 78),
(7, 'Squirtle', 48, 65, 44),
(8, 'Wartortle', 63, 80, 59),
(9, 'Blastoise', 103, 120, 79),
(10, 'Caterpie', 30, 35, 45),
(11, 'Metapod', 20, 55, 50),
(12, 'Butterfree', 45, 50, 60),
(13, 'Weedle', 35, 30, 40),
(14, 'Kakuna', 25, 50, 45),
(15, 'Beedrill', 150, 40, 65),
(16, 'Pidgey', 45, 40, 40),
(17, 'Pidgeotto', 60, 55, 63),
(18, 'Pidgeot', 80, 80, 83),
(19, 'Rattata', 56, 35, 30),
(20, 'Raticate', 71, 70, 75),
(21, 'Spearow', 60, 30, 40),
(22, 'Fearow', 90, 65, 65),
(23, 'Ekans', 60, 44, 35),
(24, 'Arbok', 95, 69, 60),
(25, 'Pikachu', 55, 40, 35),
(26, 'Raichu', 85, 50, 60),
(27, 'Sandshrew', 75, 90, 50),
(28, 'Sandslash', 100, 120, 75),
(29, 'Nidoran♀', 47, 52, 55),
(30, 'Nidorina', 62, 67, 70),
(31, 'Nidoqueen', 92, 87, 90),
(32, 'Nidoran♂', 57, 40, 46),
(33, 'Nidorino', 72, 57, 61),
(34, 'Nidoking', 102, 77, 81),
(35, 'Clefairy', 45, 48, 70),
(36, 'Clefable', 70, 73, 95),
(37, 'Vulpix', 41, 40, 38),
(38, 'Ninetales', 67, 75, 73),
(39, 'Jigglypuff', 45, 20, 115),
(40, 'Wigglytuff', 70, 45, 140),
(41, 'Zubat', 45, 35, 40),
(42, 'Golbat', 80, 70, 75),
(43, 'Oddish', 50, 55, 45),
(44, 'Gloom', 65, 70, 60),
(45, 'Vileplume', 80, 85, 75),
(46, 'Paras', 70, 55, 35),
(47, 'Parasect', 95, 80, 60),
(48, 'Venonat', 55, 50, 60),
(49, 'Venomoth', 65, 60, 70),
(50, 'Diglett', 55, 30, 10),
(51, 'Dugtrio', 100, 60, 35),
(52, 'Meowth', 35, 35, 40),
(53, 'Persian', 60, 60, 65),
(54, 'Psyduck', 52, 48, 50),
(55, 'Golduck', 82, 78, 80),
(56, 'Mankey', 80, 35, 40),
(57, 'Primeape', 105, 60, 65),
(58, 'Growlithe', 70, 45, 55),
(59, 'Arcanine', 110, 80, 90),
(60, 'Poliwag', 50, 40, 40),
(61, 'Poliwhirl', 65, 65, 65),
(62, 'Poliwrath', 95, 95, 90),
(63, 'Abra', 20, 15, 25),
(64, 'Kadabra', 35, 30, 40),
(65, 'Alakazam', 50, 65, 55),
(66, 'Machop', 80, 50, 70),
(67, 'Machoke', 100, 70, 80),
(68, 'Machamp', 130, 80, 90),
(69, 'Bellsprout', 75, 35, 50),
(70, 'Weepinbell', 90, 50, 65),
(71, 'Victreebel', 105, 65, 80),
(72, 'Tentacool', 40, 35, 40),
(73, 'Tentacruel', 70, 65, 80),
(74, 'Geodude', 80, 100, 40),
(75, 'Graveler', 95, 115, 55),
(76, 'Golem', 120, 130, 80),
(77, 'Ponyta', 85, 55, 50),
(78, 'Rapidash', 100, 70, 65),
(79, 'Slowpoke', 65, 65, 90),
(80, 'Slowbro', 75, 180, 95),
(81, 'Magnemite', 35, 70, 25),
(82, 'Magneton', 60, 95, 50),
(83, "Farfetch'd", 90, 55, 52),
(84, 'Doduo', 85, 45, 35),
(85, 'Dodrio', 110, 70, 60),
(86, 'Seel', 45, 55, 65),
(87, 'Dewgong', 70, 80, 90),
(88, 'Grimer', 80, 50, 80),
(89, 'Muk', 105, 75, 105),
(90, 'Shellder', 65, 100, 30),
(91, 'Cloyster', 95, 180, 50),
(92, 'Gastly', 35, 30, 30),
(93, 'Haunter', 50, 45, 45),
(94, 'Gengar', 65, 80, 60),
(95, 'Onix', 45, 160, 35),
(96, 'Drowzee', 48, 45, 60),
(97, 'Hypno', 73, 70, 85),
(98, 'Krabby', 105, 90, 30),
(99, 'Kingler', 130, 115, 55),
(100, 'Voltorb', 30, 50, 40),
(101, 'Electrode', 50, 70, 60),
(102, 'Exeggcute', 40, 80, 60),
(103, 'Exeggutor', 105, 85, 95),
(104, 'Cubone', 50, 95, 50),
(105, 'Marowak', 80, 110, 60),
(106, 'Hitmonlee', 120, 53, 50),
(107, 'Hitmonchan', 105, 79, 50),
(108, 'Lickitung', 55, 75, 90),
(109, 'Koffing', 65, 95, 40),
(110, 'Weezing', 90, 120, 65),
(111, 'Rhyhorn', 85, 95, 80),
(112, 'Rhydon', 130, 120, 105),
(113, 'Chansey', 5, 5, 250),
(114, 'Tangela', 55, 115, 65),
(115, 'Kangaskhan', 125, 100, 105),
(116, 'Horsea', 40, 70, 30),
(117, 'Seadra', 65, 95, 55),
(118, 'Goldeen', 67, 60, 45),
(119, 'Seaking', 92, 65, 80),
(120, 'Staryu', 45, 55, 30),
(121, 'Starmie', 75, 85, 60),
(122, 'Mr. Mime', 45, 65, 40),
(123, 'Scyther', 110, 80, 70),
(124, 'Jynx', 50, 35, 65),
(125, 'Electabuzz', 83, 57, 65),
(126, 'Magmar', 95, 57, 65),
(127, 'Pinsir', 155, 120, 65),
(128, 'Tauros', 100, 95, 75),
(129, 'Magikarp', 10, 55, 20),
(130, 'Gyarados', 155, 109, 95),
(131, 'Lapras', 85, 80, 130),
(132, 'Ditto', 48, 48, 48),
(133, 'Eevee', 55, 50, 55),
(134, 'Vaporeon', 65, 60, 130),
(135, 'Jolteon', 65, 60, 65),
(136, 'Flareon', 130, 60, 65),
(137, 'Porygon', 60, 70, 65),
(138, 'Omanyte', 40, 100, 35),
(139, 'Omastar', 60, 125, 70),
(140, 'Kabuto', 80, 90, 30),
(141, 'Kabutops', 115, 105, 60),
(142, 'Aerodactyl', 135, 85, 80),
(143, 'Snorlax', 110, 65, 160),
(144, 'Articuno', 85, 100, 90),
(145, 'Zapdos', 90, 85, 90),
(146, 'Moltres', 100, 90, 90),
(147, 'Dratini', 64, 45, 41),
(148, 'Dragonair', 84, 65, 61),
(149, 'Dragonite', 134, 95, 91),
(150, 'Mewtwo', 150, 70, 106),
(151, 'Mew', 100, 100, 100)